R1	1	2	100	60	0.0	300.0ohm
R2	2	0	100	110	0.0	800.0ohm
R3	2	3	100	160	0.0	600.0ohm
R4	1	3	100	210	0.0	400.0ohm
VA	1	0	12.0V	x= 500	y= 110	Angle= 0.0
VB	0	3	6.0V	x= 500	y= 210	Angle= 0.0

G=
  0.0058 -0.0033 -0.0025  1.0000  0.0000
 -0.0033  0.0063 -0.0017  0.0000  0.0000
 -0.0025 -0.0017  0.0042  0.0000 -1.0000
  1.0000  0.0000  0.0000  0.0000  0.0000
  0.0000  0.0000 -1.0000  0.0000  0.0000

result=
  0.0000
  0.0000
  0.0000
 12.0000
  6.0000

ImixV=
 12.0000
  4.8000
 -6.0000
 -0.0690
 -0.0630

V(1)=	12.0
V(2)=	4.8
V(3)=	-6.0
I(1)=	-0.069
I(2)=	-0.063
